 0
-0.014634146
-0.024249531
-0.05282096
-0.05282096
-0.037783366
-0.05559507
-0.04559507
-0.075898101
-0.124917709
-0.129590606
-0.143675113
-0.143675113
-0.143675113
-0.143675113
-0.148529482
-0.19683866
-0.232371655
-0.212763812
-0.200263812
-0.217985331
-0.217985331
-0.217985331
-0.200441472
-0.162176165
-0.178091285
-0.144148726
-0.081986564
-0.105041319
-0.071238502
-0.077069406
-0.120547667
-0.176103222
-0.136629538
-0.184730804
-0.184730804
-0.184730804
-0.184730804
-0.199582289
-0.204607415
-0.204607415
-0.231970599
-0.249873412
-0.269973915
-0.269973915
-0.231512376
-0.250179043
-0.258032446
-0.258032446
-0.27345661
-0.265623712
-0.257728975
-0.292211734
-0.292211734
-0.292211734
-0.258963652
-0.27133989
-0.27133989
-0.27133989
-0.27383989
-0.266321093
-0.281246466
-0.281246466
-0.281246466
-0.260993301
-0.260993301
-0.260993301
-0.263617973
-0.258382371
-0.253119213
-0.250473711
-0.25577875
-0.26633284
-0.26633284
-0.284562007
-0.284562007
-0.284562007
-0.284562007
-0.284562007
-0.284562007
-0.284562007
-0.284562007
-0.284562007
-0.264257438
-0.271720125
-0.271720125
-0.271720125
-0.271720125
-0.279452084
-0.274257278
-0.282090177
-0.282090177
-0.282090177
-0.282090177
-0.284721756
-0.282097084
-0.271570768
-0.268911193
-0.260911193
-0.266287537
