0.014634146
-0.009615385
0.028571429
-0.022058824
-0.015037594
0.017811705
-0.01
0.03030303
-0.049019608
0.004672897
0.014084507
0.019047619
-0.024271845
0.023696682
-0.004854369
0.048309179
0.035532995
0.019607843
-0.0125
0.017721519
0.007462687
0
-0.01754386
-0.038265306
0.015915119
-0.033942559
-0.062162162
0.023054755
-0.033802817
0.005830904
0.043478261
0.055555556
-0.039473684
0.048101266
0.031914894
-0.041237113
0
0.014851485
0.005025126
-0.015151515
0.027363184
-0.017902813
0.020100503
0
0.038461538
0.018666667
0.007853403
-0.01038961
0.015424165
-0.007832898
-0.007894737
0.034482759
0.002564103
-0.005141388
-0.033248082
0.012376238
0.005012531
-0.007556675
0.0025
-0.007518797
0.014925373
-0.002525253
0.005037783
0.020253165
0
-0.015503876
0.002624672
-0.005235602
-0.005263158
-0.002645503
0.00530504
0.01055409
-0.002610966
0.018229167
0.00530504
0.007915567
0
0.007853403
0.015831135
0.005194805
-0.010443864
-0.018087855
-0.020304569
0.007462687
0.022556391
-0.005128205
0.010204082
0.007731959
-0.005194805
0.007832898
0.010362694
0
-0.005235602
0.002631579
-0.002624672
-0.010526316
-0.002659574
-0.008
0.005376344

