0
0
0
0
0
0.013986014
0.013986014
0.013986014
0.021078213
0.021078213
0.021078213
0.021078213
0.069048692
0.057420785
0.088072126
0.064356711
0.064356711
0.060356711
0.108165476
0.083060874
0.083060874
0.071060874
0.055250597
0.055250597
0.004069495
-0.012528016
-0.000283118
0.099716882
0.028626835
0.028626835
0.038626835
0.048727845
0.089544171
-0.010455829
-0.010455829
-0.026328844
-0.073203844
-0.083154093
-0.078227985
-0.078227985
-0.098328487
-0.098328487
-0.113480002
-0.118455127
-0.218455127
-0.231498605
-0.231498605
-0.222688032
-0.222688032
-0.231656642
-0.231656642
-0.217958012
-0.301291345
-0.361120405
-0.361120405
-0.361120405
-0.377446936
-0.377446936
-0.377446936
-0.364680978
-0.364680978
-0.327180978
-0.327180978
-0.343709904
-0.343709904
-0.343709904
-0.327043237
-0.327043237
-0.335341993
-0.347894294
-0.35636887
-0.35636887
-0.364702203
-0.377307245
-0.377307245
-0.377307245
-0.377307245
-0.377307245
-0.377307245
-0.377307245
-0.381339504
-0.352999423
-0.352999423
-0.36040683
-0.36040683
-0.379063546
-0.379063546
-0.379063546
-0.394688546
-0.433150085
-0.433150085
-0.433150085
-0.433150085
-0.433150085
-0.457540329
-0.457540329
-0.465839084
-0.465839084
-0.465839084
-0.465839084
