-0.007117438
-0.038693208
-0.038693208
-0.018940329
-0.005219215
-0.008746806
-0.005244145
0.001810861
0.001810861
0.012544549
0.034476922
0.084101276
0.096707105
0.063091562
0.088303219
0.050485733
0.054687676
0.004264361
0.029476018
0.050485733
0.063091562
0.079899333
0.092505162
0.036589544
0.053794349
0.040890745
-0.092446499
-0.027928478
-0.139759715
-0.148362118
-0.156964521
-0.191374132
-0.075241693
-0.187072931
-0.174169326
-0.135458513
-0.126856111
-0.131157312
-0.144060916
-0.126856111
-0.148362118
-0.135458513
-0.139759715
-0.010723672
-0.023627276
-0.023627276
-0.015024873
-0.040832082
-0.032229679
-0.058036888
-0.070940492
0.006481134
-0.053735686
-0.030842195
-0.042856548
-0.027229716
-0.003011369
-0.003011369
-0.015738883
-0.024009985
-0.06060961
-0.034201045
-0.018237426
-0.022362479
-0.026453013
-0.042678796
-0.030908453
-0.0228662
-0.010600922
-0.01898566
0.006168554
0.014553292
0.001764805
-0.023812168
-0.011023682
0.010290463
0.048655924
0.052918753
0.04002587
0.044219523
0.014626257
-0.049287208
-0.042244891
-0.042244891
-0.024376326
-0.035505113
0.000754094
-0.014882689
0.023006438
0.035282515
0.035282515
0.05983467
0.055543841
0.02979887
0.034089698
0.025508041
0.012635555
0.012635555
0.016926384
0.016926384
