0
0.045685279
0.045685279
0.035976541
0.035976541
0.064822695
0.064822695
0.064822695
0.074723685
0.074723685
0.074723685
0.079723685
0.069673434
0.145815566
0.057903478
0.039831189
0.131855729
0.131855729
0.084875863
0.070791356
0.070791356
0.098569134
0.098569134
0.098569134
0.098569134
0.098569134
0.098569134
0.098569134
0.098569134
0.098569134
0.098569134
0.098569134
0.098569134
0.098569134
0.098569134
0.098569134
0.098569134
0.098569134
0.098569134
0.098569134
0.098569134
0.098569134
0.098569134
0.098569134
0.098569134
0.098569134
0.098569134
0.098569134
0.098569134
0.098569134
0.098569134
0.098569134
0.098569134
0.098569134
0.098569134
0.098569134
0.098569134
0.098569134
0.098569134
0.098569134
0.098569134
0.098569134
0.098569134
0.098569134
0.098569134
0.098569134
0.098569134
0.098569134
0.098569134
0.098569134
0.098569134
0.098569134
0.098569134
0.098569134
0.098569134
0.098569134
0.098569134
0.098569134
0.098569134
0.098569134
0.098569134
0.098569134
0.098569134
0.098569134
0.098569134
0.098569134
0.098569134
0.098569134
0.098569134
0.098569134
0.098569134
0.098569134
0.098569134
0.098569134
0.098569134
0.098569134
0.098569134
0.098569134
0.098569134
0.098569134
