0.006993007
0.01048951
0.035135596
0.024572988
0.038371951
0.027740156
0.027740156
0.031212251
0.041699155
0.066671395
0.051700569
0.047957862
0.062928689
0.032987036
0.032987036
-0.041867097
-0.008182738
-0.015668151
0.003045382
0.018016209
0.006788089
-0.026896271
-0.038124391
-0.109235817
-0.101750404
-0.112978524
-0.202803483
-0.236487843
-0.283271676
-0.31321333
-0.300113856
-0.333798216
-0.270172203
-0.341283629
-0.31882739
-0.311341976
-0.300113856
-0.266429496
-0.281400323
-0.247715963
-0.260815436
-0.272043556
-0.283271676
-0.247715963
-0.214031603
-0.20654619
-0.202803483
-0.18408995
-0.12794935
-0.131692057
-0.169119124
-0.13917747
-0.109235817
-0.169119124
-0.21777431
-0.21777431
-0.22900243
-0.243973257
-0.25145867
-0.247715963
-0.221517017
-0.247715963
-0.27952897
-0.281400323
-0.266429496
-0.272043556
-0.281400323
-0.287014383
-0.294499796
-0.294499796
-0.275786263
-0.281400323
-0.275786263
-0.287014383
-0.275786263
-0.26268679
-0.232745137
-0.180347243
-0.18408995
-0.13917747
-0.135434764
-0.041867097
-0.053095217
-0.090522284
-0.079294164
-0.056837924
-0.068066044
-0.094264991
-0.154148297
-0.12794935
-0.11672123
-0.12794935
-0.135434764
-0.214031603
-0.20654619
-0.19531807
-0.18408995
-0.191575363
-0.191575363
-0.191575363
