0.024590164
0.004098361
0.013942462
0.013942462
0.032012724
0.036174066
0.044496749
0.048725481
0.031810553
0.02335309
0.040268017
0.048725481
0.04012937
0.001446873
0.005744928
-0.058725901
-0.002851182
0.04012937
0.044814638
0.063555707
0.063555707
0.054185172
0.067995459
0.025464666
0.039641597
0.006562091
-0.078499494
-0.059596919
-0.144658504
-0.139932861
-0.102127712
-0.139932861
-0.054871276
-0.158835435
-0.158835435
-0.121030286
-0.121030286
-0.102127712
-0.121030286
-0.106853356
-0.111578999
-0.078499494
-0.087950781
-0.045419988
-0.035968701
-0.026328388
-0.031148545
-0.031148545
-0.088420552
-0.054501317
-0.027095558
0.001946366
-0.007734275
-0.012481958
-0.021886892
-0.003431928
-0.013014313
-0.017805506
-0.00822312
-0.00822312
-0.003431928
-0.013014313
-0.046552661
-0.075299817
-0.051343854
-0.060926239
-0.056230871
-0.065715988
-0.070458546
-0.065715988
-0.018290403
-0.02777552
-0.023123728
-0.023123728
-0.032516769
-0.041730895
-0.077891994
-0.069509194
-0.099387339
-0.091381893
-0.107679975
-0.135196452
-0.138892194
-0.135227905
-0.120445476
-0.128093776
-0.116819127
-0.132245867
-0.155385977
-0.136102552
-0.143815922
-0.143815922
-0.128662222
-0.120812332
-0.116887387
-0.124737277
-0.136512112
-0.136512112
-0.136512112
-0.136512112
