0
0
-0.009174312
-0.018181818
-0.035872236
-0.010275924
-0.010275924
0.00771906
-0.010942404
-0.010942404
0.016031894
0.006536268
0.04381539
0.04381539
0.093998822
0.093998822
0.022170616
0.022170616
0.060847342
0.055322096
0.055322096
0.038746356
0.011120123
0.005594877
-0.038607096
-0.160162521
-0.149112028
-0.237515973
-0.281717945
-0.265142206
-0.259616959
-0.160162521
-0.254091712
-0.259616959
-0.198839247
-0.165687767
-0.165687767
-0.160162521
-0.143586781
-0.154637274
-0.149112028
-0.160162521
-0.088334315
-0.104910055
-0.093859562
-0.066233329
-0.127011041
-0.156110673
-0.119814358
-0.080255453
-0.128947811
-0.153278878
-0.139473642
-0.15373651
-0.158335768
-0.144687159
-0.14938668
-0.167979321
-0.172428629
-0.176830605
-0.155053637
-0.159645736
-0.168730647
-0.199847682
-0.208096675
-0.208096675
-0.183854736
-0.183854736
-0.188150238
-0.209402849
-0.197301873
-0.1848247
-0.189115096
-0.201851508
-0.201851508
-0.210079843
-0.214110048
-0.214110048
-0.218099337
-0.22204833
-0.225957635
-0.233698059
-0.248872355
-0.22699485
-0.22699485
-0.22699485
-0.22699485
-0.203804696
-0.199700596
-0.199700596
-0.191492397
-0.187388298
-0.199700596
-0.195596497
-0.203804696
-0.216116994
-0.220221094
-0.220221094
-0.220221094
-0.220221094
