0.034749035
0.046332046
0.038435201
0.062125738
0.06607416
0.046184717
0.080674323
0.084767787
0.08886125
0.097110199
0.088735312
0.088735312
0.067798094
0.013361329
-0.020138219
-0.062012655
0.088735312
0.101297642
0.084156823
0.080002965
0.067636519
0.07972297
0.06735973
0.079443048
0.087683071
0.087683071
0.142067225
0.132819717
0.058839654
0.068087162
0.109700947
0.192928518
0.18368101
0.238312442
0.258285223
0.283251199
0.418067473
0.381074409
0.362577877
0.405736452
0.405736452
0.418067473
0.399570941
0.455060538
0.455060538
0.448895027
0.442729516
0.436564006
0.535212178
0.609198307
0.575248975
0.60240844
0.629567906
0.615988173
0.636357772
0.636357772
0.615988173
0.595618574
0.615988173
0.60240844
0.595618574
0.568459109
0.534509778
0.520930045
0.561669243
0.561669243
0.534509778
0.527719911
0.520930045
0.425871917
0.486980714
0.507350313
0.473400981
0.473400981
0.486980714
0.520930045
0.568459109
0.595618574
0.629567906
0.636357772
0.636357772
0.690676702
0.677096969
0.677096969
0.643147638
0.643147638
0.636357772
0.615988173
0.60240844
0.595618574
0.60240844
0.588828708
0.595618574
0.582038842
0.582038842
0.54808951
0.520930045
0.541299644
0.534509778
0.534509778
