0.032
0.04
0.04
0.015625
0.031130725
0.023137464
0.03887804
0.046994275
0.030506176
0.038494596
0.030381357
0.054343714
0.029240292
0.085090541
0.085090541
0.022831247
0.031725432
-0.030533861
-0.039428046
0.022831247
0.022831247
0.031725432
0.013937063
-0.021639676
0.005042878
-0.030533861
-0.137264078
-0.123922801
-0.235100111
-0.235100111
-0.221758833
-0.217311741
-0.15949954
-0.243994295
-0.266229757
-0.235100111
-0.208417556
-0.203970464
-0.212864649
-0.190629187
-0.208417556
-0.212864649
-0.217311741
-0.101687339
-0.079451877
-0.102816043
-0.120582062
-0.171810291
-0.209800645
-0.182074352
-0.159767289
-0.199030499
-0.22048504
-0.173036303
-0.188350445
-0.188350445
-0.180971813
-0.195999853
-0.210486342
-0.203499496
-0.224834331
-0.211353189
-0.232290715
-0.238908898
-0.24541395
-0.24541395
-0.24541395
-0.232624356
-0.239239663
-0.239239663
-0.258746339
-0.252569225
-0.252569225
-0.240007363
-0.259494354
-0.259494354
-0.253323473
-0.265872659
-0.265872659
-0.265872659
-0.253738323
-0.247467216
-0.260222009
-0.260222009
-0.254057192
-0.247788765
-0.241414094
-0.241414094
-0.215479533
-0.194651556
-0.187708897
-0.173582095
-0.166518694
-0.159333511
-0.159333511
-0.152023367
-0.16690015
-0.16690015
-0.159461759
-0.159461759
