0.017191977
0.028653295
0.011461318
-0.00286533
-0.008595989
0.022922636
0.031518625
0.05730659
0.071633238
0.059857048
0.051024906
0.030416575
-0.022576278
-0.113841746
-0.099121509
-0.143282219
-0.128561982
-0.155058409
-0.181554835
-0.134450077
-0.128561982
-0.06589007
-0.024108795
-0.073066548
-0.040428046
-0.017581095
0.156995087
0.161897608
0.07365222
0.054042134
0.049139613
0.16680013
-0.004788125
0.137385
0.088778804
0.14710624
0.137385
0.176269958
0.195712436
0.276096466
0.31628848
0.241377754
0.255701343
0.104235423
0.14257693
0.14257693
0.134356952
0.105998029
0.08672977
0.116503189
0.124365887
0.064559191
0.01437795
0.017639615
0.00779149
0.020670614
0.020670614
0.000851767
-0.00232554
-0.008639935
-0.002404966
-0.018189698
-0.011875805
-0.008718859
0.07071072
0.045293255
0.045293255
0.036203748
-0.053124161
-0.058134086
-0.068048464
-0.092318036
-0.076191706
-0.09767562
-0.102232814
-0.106744207
-0.066547696
-0.056773326
-0.051886142
-0.046998957
-0.042111772
-0.054329734
-0.03966818
-0.054329734
-0.10075799
-0.09098362
-0.108088767
-0.066547696
-0.078765658
-0.10075799
-0.061660511
-0.059216919
-0.083780446
-0.067461014
-0.079540534
-0.058353488
-0.08300392
-0.080664644
-0.097123333
-0.097123333
