-0.045454545
-0.041304348
-0.028745016
-0.015852251
-0.024678688
-0.020343927
-0.011596997
0.015116597
0.029215439
0.009887449
0.024383441
0.009887449
-0.043264522
-0.067424508
-0.130240474
-0.096416493
-0.130240474
-0.091584495
-0.048096519
-0.019104535
0.019551444
0.019551444
-0.033600527
-0.043264522
-0.033600527
-0.130240474
-0.135072472
-0.217216427
-0.280032393
-0.299360382
-0.313856374
-0.251040408
-0.362176348
-0.367008345
-0.347680356
-0.304192379
-0.299360382
-0.304192379
-0.255872406
-0.28486439
-0.28486439
-0.270368398
-0.164064456
-0.135072472
-0.159232458
-0.154400461
-0.077088503
-0.004608543
-0.057760514
-0.10124849
-0.057760514
-0.014272537
-0.02876853
-0.033600527
-0.019104535
0.034047436
0.024383441
0.014719447
0.067871418
0.092031405
0.183034022
0.117309909
0.141209587
0.171084183
0.189008941
0.177059102
0.135234667
0.123284829
0.087435313
0.218883537
0.266682892
0.19498386
0.242783215
0.296557488
0.189008941
0.168770491
0.149209478
0.120833936
0.129836618
0.14355933
0.138872611
0.115630313
0.115630313
0.115630313
0.059848798
0.118392826
0.109373529
0.135998494
0.084785447
0.063515144
0.083967359
0.113723325
0.163122344
0.172937722
0.187911395
0.213512934
0.186783574
0.227707146
0.194822133
0.194822133
