-0.028037383
-0.009345794
-0.018691589
-0.037383178
-0.072897196
-0.056074766
-0.056074766
-0.037383178
-0.056074766
-0.02011571
-0.033698264
-0.037578994
-0.037578994
0.005109034
0.000868068
-0.045782562
-0.041541596
-0.058505462
-0.105156092
-0.041541596
-0.045782562
0.000868068
-0.007613865
-0.058505462
-0.02457773
-0.045782562
-0.134842857
-0.164529621
-0.253589915
-0.295999579
-0.253589915
-0.240867016
-0.164529621
-0.041541596
-0.184169335
-0.218399992
-0.195579554
-0.149938677
-0.138528458
-0.167054006
-0.167054006
-0.19909039
-0.184258731
-0.266345903
-0.253768975
-0.288477395
-0.296383202
-0.36210565
-0.387749644
-0.349299139
-0.312403729
-0.278587519
-0.316161086
-0.319546427
-0.319546427
-0.336306367
-0.326733863
-0.336586538
-0.33339705
-0.346278266
-0.358671095
-0.367619871
-0.358917392
-0.341026715
-0.369403555
-0.369403555
-0.369403555
-0.352047689
-0.361216826
-0.405783094
-0.463913008
-0.447989632
-0.443483425
-0.448063809
-0.448063809
-0.436799805
-0.443839807
-0.448417257
-0.448417257
-0.465302443
-0.465302443
-0.465302443
-0.497066655
-0.506467278
-0.483828162
-0.483828162
-0.493754544
-0.536737648
-0.508539071
-0.526741327
-0.526741327
-0.522515803
-0.539722441
-0.547727268
-0.547727268
-0.53999611
-0.535996077
-0.535996077
-0.531925867
-0.531925867
