0.014336918
0.010752688
7.57232E-05
7.57232E-05
-0.003408861
0.003511911
-0.02104957
-0.007014438
-0.007014438
0.003511911
0.017547042
0.021155365
0.057238593
0.064983931
0.03400258
0.045620587
0.018511905
0.030129912
0.084347275
0.099837951
0.08788319
0.095681636
0.182703282
0.233721855
0.224445751
0.145598866
0.145598866
0.113132501
0.103856397
0.113132501
0.103856397
0.099218345
0.085304189
0.094580293
0.099218345
0.108494449
0.117770553
0.117770553
0.131684709
0.117770553
0.145598866
0.127046657
0.159513022
0.15487497
0.173427178
0.15487497
0.15487497
0.145887616
0.163584722
0.172710877
0.154458567
0.141188929
0.149834299
0.141056938
0.132412568
0.136669758
0.08519792
0.093033284
0.093033284
0.057261285
0.07587504
0.072018857
0.041389747
0.012462254
0.019303215
0.043572339
0.065389183
0.054014921
0.057806342
0.057806342
0.061597762
0.054014921
0.042640659
0.042640659
0.057806342
0.0502235
0.061435851
0.076708309
0.072890195
0.072890195
0.0615168
0.042958814
0.050126916
0.061027888
0.068447663
0.083287214
0.075658431
0.060400864
0.064215256
0.068029648
0.060400864
0.052772081
0.045143298
0.041328906
0.02607134
0.010813774
0.029885732
0.033700123
0.033700123
0.033700123
