0.053571429
0.0625
0.080662393
0.090059457
0.090059457
0.061868265
0.070791527
0.098015041
0.098015041
0.088467084
0.107562998
0.117110954
0.155966988
0.204537029
0.225669258
0.310198172
0.346592566
0.298066708
0.285935243
0.334461101
0.334461101
0.298066708
0.332528656
0.172625217
0.223503584
0.196853011
0.056331807
0.066022924
0.007876219
-0.016351574
0.027258454
0.061177366
0.129015188
0.046640689
0.090250718
0.138706306
0.138706306
0.172625217
0.182316334
0.197095289
0.197095289
0.256211105
0.2685269
0.230847884
0.242682959
0.230618076
0.201662357
0.242682959
0.194423427
0.23907477
0.215015066
0.287194179
0.251104622
0.273851979
0.238467202
0.238467202
0.249624564
0.215543894
0.22630092
0.259148266
0.247596447
0.247596447
0.247596447
0.236044628
0.224704769
0.18017005
0.190522419
0.169451226
0.169451226
0.159282084
0.159282084
0.159282084
0.149288273
0.129300651
0.149288273
0.139294462
0.050900926
0.059308134
0.042222519
0.042222519
0.025679304
0.017666185
-0.006000471
0.001529829
0.024465626
-0.0235562
-0.015552562
-0.0235562
-0.047567113
-0.0235562
-0.047567113
-0.070425502
-0.077687803
-0.070538096
-0.056015254
-0.048523312
-0.033299685
-0.001862276
-0.001862276
-0.001862276
