0.033613445
0.016806723
0.008672269
0.036690943
0.062079293
0.062079293
0.066310684
0.079106412
0.048524449
0.052893301
0.044155598
0.048524449
-0.025746032
-0.012639477
-0.060696847
-0.034483736
-0.073803403
-0.078172255
-0.021377181
-0.021377181
0.009204783
0.017942486
-0.048734969
-0.022063987
-0.039844642
-0.155418898
-0.137638243
-0.244322172
-0.275438318
-0.239877008
-0.310999627
-0.306554464
-0.408793228
-0.391012574
-0.3021093
-0.288773809
-0.270993154
-0.257657663
-0.239877008
-0.279883481
-0.275438318
-0.279883481
-0.190980207
-0.222096353
-0.21765119
-0.137638243
-0.119857588
-0.110967261
-0.128747916
-0.195425371
-0.119857588
-0.115412425
-0.142083407
-0.14652857
-0.142083407
-0.150973734
-0.115412425
-0.110967261
-0.133193079
-0.128747916
-0.14652857
-0.190980207
-0.186535044
-0.155418898
-0.142083407
-0.150973734
-0.150973734
-0.164309225
-0.137638243
-0.128747916
-0.115412425
-0.115412425
-0.124302752
-0.09763177
-0.057625297
-0.06207046
-0.110967261
-0.124302752
-0.093186606
-0.088741442
-0.057625297
-0.030954314
-0.044289805
-0.048734969
-0.035399478
-0.048734969
-0.075405951
-0.102076934
-0.079851115
-0.084296279
-0.075405951
-0.093186606
-0.09763177
-0.079851115
-0.106522097
-0.124302752
-0.137638243
-0.128747916
-0.133193079
-0.133193079
