-0.009174312
-0.022685571
-0.035833299
-0.035833299
-0.040099523
-0.061242706
-0.077428176
-0.077428176
-0.100883392
-0.015430161
0.011544355
0.00255285
-0.006280215
0.054471213
0.083898317
0.098611869
0.093572365
0.179243932
0.179243932
0.155659054
0.173347713
0.179243932
0.137970395
0.079008198
0.090800637
0.020046001
-0.150944369
-0.180425467
-0.262972542
-0.292453641
-0.257076323
-0.221699005
-0.162736808
-0.257076323
-0.274764982
-0.215802785
-0.215802785
-0.180425467
-0.204010346
-0.198114126
-0.198114126
-0.198114126
-0.209906565
-0.13325571
-0.139151929
-0.115567051
-0.103774611
-0.109670831
-0.068397293
-0.091982172
-0.097878392
-0.074293513
-0.038916195
-0.056604854
-0.056604854
-0.050708635
-0.080189733
-0.021227536
0.020046001
0.061319539
0.055423319
0.025942221
0.055423319
0.079008198
0.084904418
0.149762834
0.073111978
0.000883288
-0.062235478
-0.062235478
-0.054288321
-0.058329824
-0.054322717
-0.058364073
-0.07839888
-0.066878866
-0.059004426
-0.030974771
0.003026115
-0.001533095
0.034940582
0.05317742
0.048454652
0.029563577
0.034286345
0.072068495
0.043731883
0.057170491
0.098538032
0.063742709
0.058771949
0.07368423
0.038888908
0.063742709
0.053801189
0.07368423
0.07368423
0.07368423
0.07865499
0.07865499
