0.058139535
0.034883721
0.040447612
0.006703365
0.017244762
-0.025813218
-0.020868107
-0.015872536
-0.015872536
-0.036059766
-0.081481034
-0.071387419
-0.051200189
-0.025966151
0.000646795
0.053872689
0.006507624
-0.076381239
-0.088222505
-0.046778074
-0.029016174
-0.046778074
-0.018238495
-0.072780801
-0.072780801
-0.121262851
-0.21822695
-0.206106437
-0.260648743
-0.278829512
-0.266708999
-0.21822695
-0.121262851
0.00600253
0.054680071
0.079018842
0.070905919
0.086889589
0.070421565
0.111591625
0.136293661
0.119077091
0.110725769
0.210941628
0.202590307
0.202590307
0.202590307
0.202590307
0.194353387
0.186228534
0.242333937
0.277577453
0.268766574
0.25138621
0.217564961
0.193534074
0.185833854
0.185833854
0.155427858
0.162649282
0.148024763
0.183677706
0.145739318
0.145739318
0.183677706
0.198853061
0.206440738
0.168019059
0.198756402
0.183387731
0.22180941
0.206440738
0.228921001
0.228921001
0.22114302
0.228921001
0.236698982
0.213365039
0.213365039
0.228921001
0.15114119
0.14428916
0.123976334
0.104372096
0.154857677
0.154857677
0.134111731
0.092619838
0.064958577
0.078789208
0.106450469
0.092619838
0.127196416
0.154857677
0.162120933
0.125804654
0.125804654
0.140331166
0.154857677
0.154857677
