-0.009868421
-0.025994343
-0.001019838
-0.004305957
-0.010835099
-0.020501205
-0.004702838
0.018140048
0.011306893
0.018048939
0.021465211
0.035222318
0.049355046
0.063878991
0.041481539
0.073692308
0.066077469
0.107369202
0.083031417
0.1114255
0.135763284
0.143875879
0.185022493
0.070057625
0.065635899
0.034683819
-0.115654856
-0.071437598
-0.179769879
-0.190824193
-0.153239524
-0.11123313
-0.036063793
-0.151028661
-0.120076581
-0.04932897
-0.022798616
0.008153465
0.003731739
0.021418642
0.016996916
0.034683819
0.034683819
0.13638351
0.162913865
0.162913865
0.135115127
0.143948708
0.134976561
0.170306571
0.23610694
0.257147058
0.283447206
0.24136697
0.201958494
0.174220991
0.174220991
0.169806626
0.13475624
0.072860445
0.08765852
0.152309551
0.160876909
0.152181202
0.147898
0.143646526
0.152086722
0.182066674
0.195601788
0.218682904
0.218682904
0.199491047
0.166946716
0.184561006
0.161868267
0.153132415
0.148829682
0.14455894
0.119124297
0.143453086
0.118043017
0.134246539
0.121736467
0.101341259
0.132808152
0.132808152
0.149467095
0.162334264
0.184265099
0.193374831
0.193374831
0.197929697
0.211699003
0.211699003
0.192912972
0.178823449
0.15534091
0.192912972
0.174126941
0.174126941
