0.007142857
-0.042857143
-0.036389961
-0.042945132
-0.023545371
-0.016811201
-0.030279541
-0.037013711
-0.04374788
-0.05721622
-0.05721622
-0.04374788
-0.078394696
-0.133829602
-0.133829602
-0.126900239
-0.057606607
-0.071465333
-0.091650869
-0.098093062
-0.085390147
-0.10498893
-0.10498893
-0.061177199
-0.012855437
-0.012855437
0.157092139
0.208290906
0.126372878
0.126372878
0.126372878
0.095653618
0.177571646
0.003495837
-0.144980588
-0.124501081
-0.119381204
-0.098901697
-0.098901697
-0.06306256
-0.088661944
-0.073302314
-0.068182437
0.064934358
0.136612632
0.167331892
0.116133125
0.069236775
0.060613898
0.103038454
0.148998389
0.238920002
0.198954841
0.189588006
0.171144781
0.144324672
0.19556309
0.13952107
0.105505516
0.129538245
0.129538245
0.112804345
0.145294982
0.128072501
0.179739944
0.188351185
0.179613308
0.196833941
0.241161124
0.196833941
0.188579913
0.196720872
0.204974119
0.221709871
0.213341995
0.205087968
0.180660509
0.180660509
0.14156579
0.20411734
0.196298397
0.088245638
0.094684961
0.107716925
0.134408899
0.176424044
0.190429092
0.211942871
0.204507638
0.175129403
0.175129403
0.189119039
0.181955671
0.203188408
0.195851893
0.210347068
0.202921626
0.18825185
0.181093706
0.181093706
