0.024615385
-0.027692308
-0.058461538
-0.043076923
-0.052307692
-0.033846154
-0.052307692
-0.086153846
-0.055384615
-0.067692308
-0.116923077
-0.101538462
-0.08
-0.113846154
-0.113846154
-0.178461538
-0.163076923
-0.224615385
-0.246153846
-0.215384615
-0.212307692
-0.258461538
-0.239307408
-0.187442004
-0.174229679
-0.104864972
-0.214313797
-0.190860477
-0.288582642
-0.265129322
-0.23385823
-0.163498271
-0.288582642
-0.184472785
-0.172822396
-0.130104304
-0.118453915
-0.122442811
-0.11453689
-0.082338232
-0.066238903
-0.095418937
-0.083671131
0.04493643
0.048955416
0.028705311
-0.006364188
0.01183427
0.045813779
0.021586433
0.005434869
0.021586433
-0.010716695
-0.022087768
-0.107284667
-0.11350568
-0.076696227
-0.060030094
-0.060030094
-0.06336332
-0.060030094
-0.090029133
-0.086695907
-0.09336236
-0.036697507
-0.06336332
-0.034980391
-0.028278866
-0.031676492
-0.028302542
-0.052085347
-0.087672587
-0.081670433
-0.102956217
-0.120374543
-0.111997158
-0.109150995
-0.091964198
-0.100895697
-0.086009864
-0.053261032
-0.050283866
-0.065263615
-0.062360707
-0.08280767
-0.076965681
-0.08280767
-0.091570654
-0.123701596
-0.106175628
-0.085728665
-0.065281702
-0.033150761
-0.036279722
-0.036279722
-0.061311418
-0.076956228
-0.06444038
-0.073827266
-0.073827266
