0.028169014
0.056338028
0.049295775
0.056244753
0.08441128
0.091838755
0.114121178
0.121858131
0.129595083
0.160542894
0.152370057
0.136024382
0.11150587
0.054296009
0.054296009
-0.011086689
0.054296009
0.046123172
0.070641684
0.119678707
0.095160196
0.063869904
0.100809832
0.061212356
0.092890336
0.100809832
0.267119231
0.299334126
0.202689439
0.202689439
0.213427738
0.138259648
0.224166036
0.041614961
0.004030916
0.138259648
0.159736245
0.170474543
0.159736245
0.191951141
0.148997946
0.181212842
0.159736245
0.310072425
0.288595828
0.29898773
0.267305102
0.166725332
0.183883057
0.228057798
0.26613711
0.367428079
0.347169885
0.376669956
0.407490925
0.353769897
0.403540849
0.36068464
0.310288913
0.347725739
0.347725739
0.347725739
0.397274479
0.418606914
0.354609609
0.374100395
0.344010606
0.344010606
0.324810454
0.250173245
0.283511199
0.265928853
0.300143147
0.291114375
0.300143147
0.282085603
0.282085603
0.290867011
0.264159418
0.264159418
0.238534565
0.181119055
0.203545366
0.203545366
0.203545366
0.156956513
0.142584383
0.163613543
0.207249051
0.238606169
0.207249051
0.207249051
0.22215336
0.245068736
0.245068736
0.268859858
0.252381159
0.252381159
0.235902459
0.235902459
