0.004504505
-0.009009009
0.008530655
-0.018726931
-0.032355723
-0.009641069
-0.005098138
0.008656266
-0.028022144
-0.040811326
-0.036658995
-0.036658995
-0.065978069
-0.046272965
-0.066827427
-0.128490812
-0.087381888
-0.062716534
-0.067055809
-0.054037984
-0.058377259
-0.058377259
-0.071395085
-0.097430737
-0.110448562
-0.123466388
-0.210251894
-0.205912619
-0.253644648
-0.253644648
-0.240626822
-0.192894793
-0.132144939
-0.067055809
-0.077141693
-0.031755218
-0.011583452
-0.006540511
-0.006540511
0.008588314
-0.031755218
-0.001497569
0.018674197
-0.007580292
-0.028583884
-0.018082088
0.002921503
0.002921503
0.002921503
-0.002329394
-0.01283119
0.018674197
0.044928687
0.039677789
0.081264901
0.081264901
0.070868123
0.070868123
0.075967495
0.086166239
0.081066867
0.081066867
0.045704866
0.088290132
0.108823908
0.09855702
0.09855702
0.09855702
0.083156688
0.093423576
0.083156688
0.103690464
0.113957353
0.098267812
0.108727506
0.113957353
0.113957353
0.093037966
0.124417046
0.140106586
0.150862309
0.166995892
0.123973002
0.113982131
0.123796952
0.123796952
0.138780911
0.133651267
0.138780911
0.128521624
0.123483581
0.11849032
0.11849032
0.11849032
0.128388465
0.118313568
0.158613156
0.168688053
0.168688053
0.168688053
