-0.070175439
-0.085418464
-0.100169779
-0.09302827
-0.071260948
-0.033197872
-0.017972642
0.029164671
0.037813114
0.037813114
0.063758442
0.08970377
0.080622905
0.017056852
0.017056852
-0.028347472
0.007975987
-0.055590066
-0.046509202
0.026137716
0.035218581
0.007489512
0.007489512
-0.153339089
-0.131155834
-0.127458624
-0.282741412
-0.267952575
-0.367777224
-0.356685596
-0.360382805
-0.364080014
-0.271649784
-0.375171642
-0.364080014
-0.323410713
-0.304924667
-0.279044202
-0.297530248
-0.208797227
-0.212494436
-0.171825135
-0.171825135
-0.075697695
-0.105275369
-0.094183741
-0.083092114
-0.094183741
-0.057211649
-0.047968626
-0.075697695
-0.047968626
-0.010996534
-0.001753511
0.035218581
0.025975558
-0.02948258
-0.010996534
0.016732535
0.016732535
0.06294765
-0.001753511
-0.010996534
0.007489512
0.035218581
0.06294765
0.053704627
0.035218581
0.044461604
0.099919743
0.146134858
0.164620904
0.193259123
0.288719853
0.333544891
0.322338631
0.299926112
0.277513593
0.277513593
0.322338631
0.277513593
0.26704217
0.164030612
0.190286941
0.254379315
0.233982903
0.19319008
0.172793668
0.142199051
0.203388286
0.233982903
0.255443476
0.244713189
0.223252617
0.233982903
0.169601187
0.158870901
0.137410328
0.158870901
0.158870901
