0.003623188
0.010869565
0.036231884
0.032608696
0.050598394
0.061774973
0.065500499
0.069226025
0.072951552
0.043147342
0.035696289
-0.001558973
0.002166553
-0.035088709
-0.046265288
-0.139403443
-0.087246076
-0.11332476
-0.090971602
-0.079795024
-0.087246076
-0.087246076
-0.128226864
-0.202737389
-0.202737389
-0.213913967
-0.288424492
-0.288424492
-0.346170148
-0.35920949
-0.349895675
-0.355483964
-0.307052123
-0.409504094
-0.411366857
-0.392739226
-0.374111595
-0.33499357
-0.366660543
-0.318228702
-0.342444622
-0.333130807
-0.346170148
-0.286561729
-0.254894756
-0.273522387
-0.292150018
-0.292150018
-0.264208571
-0.288424492
-0.280973439
-0.262345808
-0.228816072
-0.277247913
-0.327542517
-0.325679754
-0.340581859
-0.357346727
-0.372248832
-0.374111595
-0.357346727
-0.355483964
-0.379699884
-0.377837121
-0.366660543
-0.372248832
-0.364797779
-0.372248832
-0.383425411
-0.387150937
-0.351758438
-0.344307385
-0.349895675
-0.362935016
-0.351758438
-0.342444622
-0.325679754
-0.284698966
-0.284698966
-0.271659624
-0.254894756
-0.143128969
-0.128226864
-0.150580022
-0.158031074
-0.131952391
-0.165482127
-0.199011863
-0.269796861
-0.262345808
-0.256757519
-0.271659624
-0.286561729
-0.33499357
-0.336856333
-0.327542517
-0.312640412
-0.321954228
-0.308914886
-0.308914886
