0.006289308
0.012578616
0.012578616
0.018867925
0.012578616
0.012578616
0.012578616
0.012578616
0.012578616
0.012578616
0.006289308
-2.22045E-16
-0.006289308
-0.037735849
-0.037735849
-0.100628931
-0.094339623
-0.119496855
-0.132075472
-0.125786164
-0.106918239
-0.100628931
-0.125786164
-0.238993711
-0.238993711
-0.245283019
-0.34591195
-0.301886792
-0.371069182
-0.380503145
-0.371069182
-0.371069182
-0.320754717
-0.371069182
-0.358490566
-0.34591195
-0.314465409
-0.301886792
-0.320754717
-0.283018868
-0.295597484
-0.289308176
-0.289308176
-0.245283019
-0.283018868
-0.301886792
-0.320754717
-0.320754717
-0.301886792
-0.314465409
-0.339622642
-0.320754717
-0.301886792
-0.314465409
-0.327044025
-0.327044025
-0.339622642
-0.34591195
-0.352201258
-0.333333333
-0.308176101
-0.333333333
-0.34591195
-0.352201258
-0.352201258
-0.34591195
-0.339622642
-0.371069182
-0.371069182
-0.374213836
-0.374213836
-0.383647799
-0.377358491
-0.389937107
-0.396226415
-0.377358491
-0.371069182
-0.339622642
-0.34591195
-0.339622642
-0.320754717
-0.245283019
-0.251572327
-0.251572327
-0.257861635
-0.245283019
-0.27672956
-0.295597484
-0.333333333
-0.308176101
-0.308176101
-0.314465409
-0.320754717
-0.34591195
-0.339622642
-0.352201258
-0.352201258
-0.358490566
-0.364779874
-0.364779874
