0.02962963
-0.007407407
-0.014300412
-0.007502483
-0.083318266
-0.106974569
-0.146290154
-0.130861662
-0.1361938
-0.162529354
-0.142707564
-0.153098987
-0.158170251
-0.113072229
-0.074025094
-0.03497796
-0.004631355
0.049992535
0.036444244
0.05676668
0.016121808
0.002573517
-0.017748919
-0.071942082
-0.038071355
-0.071942082
-0.241295717
-0.193876699
-0.227747426
-0.281940589
-0.261618153
-0.254844008
-0.166780118
-0.051619646
-0.144668285
-0.148247078
-0.096354569
-0.069513615
-0.087407584
-0.024778693
0.01995623
0.01995623
0.029763501
0.078799858
0.049378044
0.002945387
-0.090549522
-0.189249574
-0.155232073
-0.149065884
-0.073983462
-0.021708335
-0.021708335
-0.01424046
-0.01424046
0.000925072
-0.02253411
-0.006894655
0.024384253
0.079122343
0.094761797
0.078662359
0.046463483
0.086712078
0.07061264
0.078427331
0.156574239
0.164388929
0.172309943
0.164280422
0.132599322
0.132599322
0.14009998
0.14009998
0.132499314
0.124999318
0.13240063
0.13240063
0.109902604
0.153145562
0.145354038
0.122293219
0.077992171
0.084814906
0.105543853
0.091186141
0.133154839
0.095383011
0.012284989
-0.093476129
-0.063258667
-0.078367398
-0.04059557
-0.048149936
-0.033041204
-0.00964704
-0.017831775
-0.02601651
-0.00964704
-0.00964704
