0.010928962
0.043715847
0.043715847
0.043715847
0.043715847
0.032786885
0.04348934
0.048952635
0.059879225
0.048722602
0.048722602
0.04314429
0.031987666
-0.023795451
-0.023795451
-0.08515688
-0.051687009
-0.062843633
-0.079578568
-0.051687009
-0.034952074
-0.012638827
-0.034952074
-0.08515688
-0.08515688
-0.090735191
-0.213458049
-0.191144802
-0.252506231
-0.263662854
-0.263662854
-0.280397789
-0.241349607
-0.330602595
-0.330602595
-0.302711036
-0.291554413
-0.274819478
-0.285976101
-0.252506231
-0.274819478
-0.258084543
-0.258084543
-0.224614672
-0.219036361
-0.191144802
-0.196723114
-0.168831555
-0.146518308
-0.174409867
-0.207879737
-0.191144802
-0.174409867
-0.179988179
-0.191144802
-0.196723114
-0.207879737
-0.196723114
-0.18556649
-0.191144802
-0.174409867
-0.18556649
-0.269241166
-0.269241166
-0.252506231
-0.246927919
-0.252506231
-0.263662854
-0.280397789
-0.269241166
-0.258084543
-0.230192984
-0.230192984
-0.241349607
-0.207879737
-0.18556649
-0.191144802
-0.18556649
-0.18556649
-0.18556649
-0.146518308
-0.107470126
-0.090735191
-0.08515688
-0.124205061
-0.107470126
-0.11862675
-0.129783373
-0.168831555
-0.15209662
-0.140939997
-0.129783373
-0.135361685
-0.157674932
-0.146518308
-0.140939997
-0.15209662
-0.146518308
-0.157674932
-0.157674932
