0.06557377
0.040983607
0.033156662
0.025446538
0.055830139
0.071949683
0.096128999
0.112992522
0.112992522
0.087697238
0.104560761
0.062401953
0.079265476
-0.030347424
-0.021915662
-0.080937993
-0.06407447
-0.072506231
-0.038779185
-0.021915662
-0.021915662
-0.013483901
-0.030347424
-0.097801516
-0.097801516
-0.097801516
-0.241141462
-0.244514167
-0.34906801
-0.403031284
-0.460367262
-0.48060349
-0.440131034
-0.521075945
-0.537939468
-0.52444865
-0.467112671
-0.453621853
-0.456994557
-0.433385625
-0.443503739
-0.443503739
-0.453621853
-0.372676942
-0.365931533
-0.372676942
-0.359186124
-0.322086373
-0.244514167
-0.30522285
-0.325459077
-0.30522285
-0.298477441
-0.298477441
-0.30522285
-0.301850145
-0.291732031
-0.298477441
-0.301850145
-0.298477441
-0.288359327
-0.325459077
-0.362558828
-0.359186124
-0.34906801
-0.345695305
-0.34906801
-0.376049647
-0.389540465
-0.433385625
-0.39291317
-0.416522102
-0.433385625
-0.43001292
-0.413149397
-0.352440714
-0.335577191
-0.352440714
-0.372676942
-0.362558828
-0.345695305
-0.291732031
-0.254632281
-0.220905234
-0.193923598
-0.227650644
-0.258004985
-0.231023348
-0.271495804
-0.26137769
-0.220905234
-0.231023348
-0.254632281
-0.301850145
-0.30522285
-0.295104736
-0.315340964
-0.311767706
-0.325463871
-0.325463871
