0.019455253
-0.011673152
-0.015333622
-0.008066711
0.002995742
-0.015857561
-0.019489083
-0.023093903
0.001954971
0.028322208
-0.023292421
-0.039173845
-0.023292421
-0.059025625
-0.007410997
-0.070936693
-0.035203489
-0.086818117
-0.126521677
-0.062995981
-0.043144201
-0.031233133
-0.051084913
-0.098729185
-0.051084913
-0.098729185
-0.186077017
-0.138432745
-0.253573069
-0.364743038
-0.368713394
-0.43223909
-0.348861614
-0.444150158
-0.507675854
-0.499735142
-0.456061226
-0.428268734
-0.460031582
-0.444150158
-0.527527634
-0.495764786
-0.503705498
-0.440179802
-0.39253553
-0.408416954
-0.487545896
-0.519214408
-0.503951374
-0.493108781
-0.459127247
-0.504469873
-0.512683079
-0.504737695
-0.510210206
-0.507533759
-0.502122042
-0.513185997
-0.534351823
-0.529501321
-0.529501321
-0.517119777
-0.50406896
-0.50406896
-0.52611034
-0.533672409
-0.55564596
-0.54898065
-0.555848965
-0.549186699
-0.572070623
-0.590676248
-0.611521439
-0.60981008
-0.602904064
-0.601115343
-0.597505527
-0.588316156
-0.571002349
-0.56523108
-0.56523108
-0.553373746
-0.557326191
-0.561209295
-0.551670366
-0.555655519
-0.557612983
-0.563433865
-0.538865208
-0.538865208
-0.5452111
-0.530404019
-0.526173425
-0.536942211
-0.545557239
-0.543403482
-0.547710996
-0.549864754
-0.558479782
-0.558479782
