0.005847953
0.011695906
-1.11022E-16
0.005714286
0.01727422
0.023188605
0.02910299
0.02910299
0.02910299
0.023119833
0.053035618
0.035086147
0.040868751
0.081801792
0.075475466
0.050170161
0.056496487
-0.013093102
-0.006766776
0.031191182
-0.00044045
-0.013093102
-0.05105106
-0.291451458
-0.278798805
-0.259819827
-0.329409416
-0.291451458
-0.335735742
-0.342062068
-0.329409416
-0.348388394
-0.2534935
-0.310430437
-0.266146153
-0.209209216
-0.209209216
-0.240840848
-0.266146153
-0.221861869
-0.234514522
-0.145945954
-0.10166167
-0.032072081
0.024864855
0.031981973
0.024765315
0.031881741
0.024665785
0.038897254
-0.026948346
0.002316365
0.031581076
0.068161966
0.044599569
0.060307833
0.052453701
0.052453701
0.067930962
0.08387023
0.036052426
0.050644713
0.073158528
0.104491624
0.09665835
0.073489512
0.080892888
0.095905289
0.095905289
0.111340575
0.126775861
0.134493503
0.126775861
0.164842613
0.181134118
0.197425623
0.18927987
0.15669686
0.15669686
0.172988365
0.205571375
0.172988365
0.126686193
0.091031566
0.137885683
0.130591544
0.152195204
0.114786269
0.092340908
0.13723163
0.13723163
0.129749843
0.144713417
0.152195204
0.144713417
0.181639656
0.173762058
0.165884461
0.173762058
0.173762058
