0.004
0.004
-0.004064257
0.003871486
-0.004191739
-0.020061193
0.006839088
0.006839088
0.006839088
0.002779253
0.014958758
0.006839088
0.010834481
0.055134
0.046341217
-0.002019092
0.011170083
-0.067964967
-0.059172183
-0.015208267
-0.032793833
-0.037190225
-0.063568575
-0.342739446
-0.380108775
-0.364721404
-0.472433
-0.417478104
-0.487820371
-0.490018567
-0.49881135
-0.516396917
-0.443856454
-0.512000525
-0.479027587
-0.417478104
-0.408685321
-0.432865475
-0.44605465
-0.406487125
-0.410883517
-0.338343054
-0.305370117
-0.237226046
-0.272397179
-0.298775529
-0.298775529
-0.300973725
-0.292180942
-0.311964704
-0.349334033
-0.327352075
-0.305370117
-0.329550271
-0.342739446
-0.331748467
-0.329550271
-0.322955683
-0.322955683
-0.311964704
-0.257009808
-0.252613417
-0.239267228
-0.243877729
-0.243877729
-0.252987636
-0.248541134
-0.232791996
-0.216368583
-0.235138198
-0.257502578
-0.261721313
-0.265892379
-0.228774578
-0.21964765
-0.205957258
-0.201393794
-0.1806208
-0.183052193
-0.156306878
-0.178189408
-0.212816259
-0.263739196
-0.284242662
-0.241931883
-0.247885298
-0.226396306
-0.247080897
-0.280176242
-0.222259388
-0.220190929
-0.22227042
-0.234680998
-0.236684451
-0.240670433
-0.213058449
-0.225785266
-0.215179585
-0.225785266
-0.225785266
