0.050505051
0.035353535
0.010819091
0.020178527
0.029712906
0.049141452
0.073427133
0.063252469
0.068339801
0.017466477
0.017466477
0.012379145
0.017466477
-0.048668844
-0.023232182
-0.094454835
-0.084280171
-0.160590156
-0.180939486
-0.130066162
-0.119891497
-0.109716833
-0.140240827
-0.369170784
-0.384432781
-0.394607446
-0.470917432
-0.450568102
-0.511616091
-0.501441426
-0.505511292
-0.507546225
-0.435306105
-0.495336627
-0.481092097
-0.435306105
-0.430218773
-0.42513144
-0.440393438
-0.379345449
-0.364083452
-0.292860798
-0.252162139
-0.226725477
-0.272511469
-0.292860798
-0.292860798
-0.277598801
-0.252162139
-0.206376148
-0.272511469
-0.252162139
-0.252162139
-0.267424136
-0.287773466
-0.221638145
-0.252162139
-0.262336804
-0.252162139
-0.247074807
-0.23181281
-0.23181281
-0.247074807
-0.216550813
-0.175852154
-0.160590156
-0.165677489
-0.180939486
-0.150415492
-0.099542168
-0.063930841
-0.063930841
-0.084280171
-0.12497883
-0.1046295
-0.084280171
-0.1046295
-0.12497883
-0.12497883
-0.074105506
-0.053756176
-0.028319514
0.037815807
0.032728474
-0.017648524
-0.012610825
-0.057950123
-0.083138623
-0.133515622
-0.083138623
-0.062987823
-0.052912424
-0.057950123
-0.047874724
-0.042837024
-0.078100923
-0.083138623
-0.088176323
-0.093214023
-0.093214023
