-0.003745318
-0.003745318
-0.026217228
-0.029962547
-0.037453184
-0.029962547
-0.029962547
-0.048689139
-0.041198502
-0.04494382
-0.056179775
-0.052434457
-0.052434457
-0.04494382
-0.037453184
-0.06741573
-0.074906367
-0.116104869
-0.112359551
-0.08988764
-0.097378277
-0.086142322
-0.086142322
-0.123595506
-0.123595506
-0.142322097
-0.27340824
-0.25093633
-0.310861423
-0.29588015
-0.303370787
-0.25093633
-0.153558052
-0.232209738
-0.217228464
-0.142322097
-0.168539326
-0.154446772
-0.125289764
-0.109669939
-0.109669939
-0.137004633
-0.125987671
-0.171195206
-0.161004983
-0.157523676
-0.175075266
-0.175075266
-0.178442305
-0.155064647
-0.14092347
-0.14823476
-0.155422652
-0.166024041
-0.193593494
-0.219398503
-0.204270567
-0.232577147
-0.267726285
-0.249018563
-0.246205898
-0.232036836
-0.223209673
-0.24428538
-0.238581873
-0.241476999
-0.23285742
-0.226978933
-0.226978933
-0.212055746
-0.224464317
-0.236488126
-0.236488126
-0.227745624
-0.236690655
-0.236690655
-0.248344233
-0.268124648
-0.286890682
-0.26651613
-0.277302658
-0.261591846
-0.278000916
-0.285848732
-0.260251913
-0.254751927
-0.24079597
-0.229205069
-0.208920992
-0.199757915
-0.199757915
-0.199757915
-0.211975351
-0.208920992
-0.211975351
-0.224192788
-0.227247147
-0.239464583
-0.236410224
-0.236410224
