-0.016835017
-0.01032399
-0.030117511
-0.036456612
-0.033328224
-0.0553696
-0.046344469
-0.058610135
-0.028724743
-0.006433179
0.03691034
0.015080648
0.069654877
0.106037696
0.148877184
0.207294668
0.228853501
0.159865235
0.099500501
0.168488768
0.177112301
0.194359368
0.155553468
0.099500501
0.133994635
0.069318134
-0.090217232
-0.021228966
-0.124711366
-0.185076099
-0.215258466
-0.271311433
-0.163517266
-0.288558499
-0.379105599
-0.370482066
-0.297182033
-0.249752599
-0.202323166
-0.168067105
-0.275729009
-0.236579226
-0.270835287
-0.182748274
-0.251260395
-0.288490541
-0.352151914
-0.380319222
-0.348761404
-0.326523989
-0.299312837
-0.354630245
-0.395556131
-0.384465418
-0.375836429
-0.37879455
-0.367073692
-0.382288267
-0.390988432
-0.385349436
-0.388221635
-0.373994231
-0.391880111
-0.39486109
-0.368032272
-0.371013252
-0.385778199
-0.377325605
-0.371533285
-0.359948645
-0.356943709
-0.393002941
-0.419861218
-0.417403002
-0.414923866
-0.414923866
-0.404922565
-0.379049633
-0.35646962
-0.345179613
-0.342256308
-0.330563086
-0.351026223
-0.378525112
-0.363367188
-0.368672462
-0.402586751
-0.41898633
-0.379069361
-0.379069361
-0.358710979
-0.375014937
-0.377732263
-0.415774833
-0.432078791
-0.429361464
-0.437513443
-0.445665422
-0.44023077
-0.44023077
