0.016759777
0.025139665
0.036498553
0.039338275
0.04790425
0.045048925
0.036529504
0.045048925
0.039369311
0.033689698
0.028010084
0.010971243
-0.006067599
-0.048664701
-0.048664701
-0.102621032
-0.079902577
-0.119659873
-0.125339487
-0.091261804
-0.094101611
-0.079902577
-0.102621032
-0.116820066
-0.105460839
-0.113980259
-0.207693886
-0.193494851
-0.241771568
-0.227572534
-0.22189292
-0.216213306
-0.102621032
-0.190655045
-0.179295817
-0.111140452
-0.082742384
-0.091261804
-0.113980259
-0.079902577
-0.096941418
-0.102621032
-0.111140452
-0.065703543
-0.065703543
-0.091261804
-0.079902577
-0.088421998
-0.082742384
-0.082742384
-0.108300646
-0.071383156
-0.085582191
-0.094101611
-0.068543349
-0.074222963
-0.082742384
-0.062863736
-0.037305474
-0.034465667
-0.017426826
-0.040145281
-0.057184122
-0.045824895
-0.037305474
-0.028786053
-0.034465667
-0.03162586
-0.045824895
-0.037305474
-0.020266633
-0.014587019
-0.017426826
-0.03162586
-0.025946247
-0.028786053
-0.03162586
-0.054344315
-0.025946247
-0.03162586
0.002451822
0.02233047
0.045048925
0.030849891
0.042209118
0.056408152
0.033689698
0.016650856
0.008131436
0.025170277
0.033689698
0.025170277
0.016650856
0.010971243
0.019490663
0.002451822
0.025170277
0.045048925
0.053568346
0.053568346
