-0.004926108
-0.009852217
0.004926108
0.004926108
0.009852217
0.0198015
0.029750783
0.044968774
0.044968774
0.044968774
0.044968774
0.050041438
0.050041438
0.075652205
0.107921771
0.142880468
0.157202278
0.185845899
0.176816616
0.185845899
0.209923988
0.203904466
0.224764197
0.14455294
0.147637988
0.089022069
-0.037464913
-0.009699478
-0.065230348
-0.136186461
-0.160866847
-0.219482766
-0.160866847
-0.234908008
-0.228737911
-0.210227621
-0.200972476
-0.151611702
-0.157781799
-0.139271509
-0.145441606
-0.148526654
-0.139271509
-0.068315397
-0.071400445
-0.089788555
-0.083897219
-0.110753652
-0.127638077
-0.138474871
-0.11733315
-0.125660195
-0.133831595
-0.139178314
-0.136537757
-0.136537757
-0.131224143
-0.039774053
-0.053064377
-0.026483728
-0.023161147
-0.046419215
-0.072999864
-0.079645026
-0.082967607
-0.086290189
-0.072999864
-0.096257932
-0.109548256
-0.109548256
-0.099580513
-0.079645026
-0.056386958
-0.069677283
-0.079645026
-0.063032121
-0.046419215
9.69209E-05
0.003419502
-0.013304156
-0.035949635
-0.097747735
-0.09231248
-0.073058503
-0.061579351
-0.082171654
-0.05401741
-0.065991873
-0.089940799
-0.080959952
-0.062998257
-0.021087636
-0.037457408
-0.093114633
-0.060375089
-0.076744861
-0.080018815
-0.070196952
-0.076744861
-0.076744861
