0.053658537
0.07804878
0.087804878
0.097560976
0.047897583
0.077695619
0.077695619
0.057830262
0.062796601
0.032998565
0.037964905
0.028032226
0.023065887
-0.06632822
-0.056395541
-0.106058934
-0.111025273
-0.140823309
-0.180554023
-0.101092595
-0.101092595
-0.111025273
-0.170621344
-0.349409557
-0.304712504
-0.269948129
-0.349409557
-0.299746165
-0.394106611
-0.428870986
-0.438803664
-0.453702682
-0.39907295
-0.46363536
-0.438803664
-0.394106611
-0.39907295
-0.409005629
-0.423904646
-0.389140271
-0.384173932
-0.294779826
-0.269948129
-0.225251076
-0.274914469
-0.294779826
-0.309678843
-0.304712504
-0.240150094
-0.225251076
-0.269948129
-0.245116433
-0.230217415
-0.220284737
-0.20041938
-0.185520362
-0.215318398
-0.230217415
-0.235183755
-0.220284737
-0.185520362
-0.195453041
-0.190486701
-0.140823309
-0.140823309
-0.13089063
-0.160688666
-0.180554023
-0.145789648
-0.125924291
-0.081227238
-0.076260898
-0.061361881
-0.106058934
-0.101092595
-0.101092595
-0.101092595
-0.13089063
-0.145789648
-0.115991612
-0.071294559
-0.061361881
0.00320053
-0.026597506
-0.076260898
-0.061361881
-0.086193577
-0.115991612
-0.170621344
-0.13089063
-0.106058934
-0.091159916
-0.081227238
-0.091159916
-0.091159916
-0.13089063
-0.140823309
-0.150755987
-0.150755987
-0.150755987
