0.007142857
0.007142857
0.028571429
0.007142857
0.034548105
0.049017309
0.070721116
0.063180826
0.063180826
0.063180826
0.048100247
0.010398799
0.00285851
-0.065004096
-0.080084675
-0.193189019
-0.140406992
-0.178108439
-0.140406992
-0.140406992
-0.140406992
-0.147947281
-0.193189019
-0.245971045
-0.245971045
-0.230890466
-0.366615678
-0.374155968
-0.479720021
-0.457099153
-0.442018574
-0.434478284
-0.404317126
-0.487260311
-0.472179732
-0.442018574
-0.419397705
-0.389236547
-0.381696257
-0.33645452
-0.389236547
-0.381696257
-0.404317126
-0.359075389
-0.343994809
-0.33645452
-0.33645452
-0.321373941
-0.291212783
-0.298753072
-0.33645452
-0.321373941
-0.291212783
-0.306293362
-0.298753072
-0.306293362
-0.313833651
-0.313833651
-0.313833651
-0.298753072
-0.276132204
-0.306293362
-0.321373941
-0.321373941
-0.306293362
-0.306293362
-0.298753072
-0.298753072
-0.306293362
-0.291212783
-0.268591914
-0.215809887
-0.208269598
-0.238430756
-0.223350177
-0.193189019
-0.16302786
-0.140406992
-0.132866702
-0.125326413
-0.102705544
-0.019762359
-0.034842938
-0.057463807
-0.080084675
-0.072544386
-0.102705544
-0.132866702
-0.185648729
-0.147947281
-0.147947281
-0.178108439
-0.17056815
-0.208269598
-0.185648729
-0.200729308
-0.200729308
-0.208269598
-0.215809887
-0.215809887
