-0.006756757
-0.020088881
-0.033067836
-0.026748018
-0.033150992
-0.026831717
-0.014026871
-0.014026871
-0.033746334
-0.059007867
-0.053014287
-0.059084708
-0.07107089
-0.047701605
-0.072277047
-0.025599163
0.006665766
0.026024723
-0.014211541
0.012612635
-0.007505497
0.019318679
0.005906591
0.058161479
0.014675391
0.021923072
-0.108535192
-0.057801423
-0.072296786
-0.057801423
-0.028810697
0.043666116
0.087152204
0.095030119
0.071396375
-0.011599119
0.104683338
0.121049017
0.088317659
0.129231857
0.121049017
0.121049017
0.137179219
0.211884423
0.230820117
0.22135227
0.240287964
0.240287964
0.240287964
0.230820117
0.164545188
0.22135227
0.22135227
0.192948729
0.230820117
0.22135227
0.202416576
0.192948729
0.211884423
0.211884423
0.240287964
0.211884423
0.211884423
0.192948729
0.22135227
0.240287964
0.183480882
0.192948729
0.174013035
0.183480882
0.164545188
0.192948729
0.192948729
0.192948729
0.192948729
0.211884423
0.211884423
0.278159352
0.297095046
0.268691505
0.268691505
0.268691505
0.306562894
0.287627199
0.211884423
0.202416576
0.164545188
0.155077341
0.126673799
0.174013035
0.174013035
0.164545188
0.192948729
0.174013035
0.183480882
0.164545188
0.164545188
0.174013035
0.202416576
0.202416576
