0.032051282
-0.025641026
-0.037104072
-0.020309376
-0.04349732
-0.008715404
-0.002918418
-0.01464879
-0.003191218
-0.020781961
-0.020781961
-0.026645542
-0.020781961
-0.097008515
-0.079417771
-0.149780744
-0.149780744
-0.196689393
-0.220143717
-0.17909865
-0.155644325
-0.138053582
-0.149780744
-0.214280136
-0.17909865
-0.214280136
-0.366733244
-0.34327892
-0.366733244
-0.34327892
-0.331551758
-0.349142501
-0.278779528
-0.378460406
-0.396051149
-0.384323987
-0.396051149
-0.372596825
-0.372596825
-0.355006082
-0.372596825
-0.366733244
-0.308097433
-0.278779528
-0.267052366
-0.284643109
-0.23773446
-0.184962231
-0.149780744
-0.208416555
-0.261188785
-0.220143717
-0.208416555
-0.231870879
-0.226007298
-0.161507906
-0.214280136
-0.214280136
-0.202552974
-0.202552974
-0.196689393
-0.214280136
-0.220143717
-0.196689393
-0.196689393
-0.155644325
-0.161507906
-0.190825812
-0.17909865
-0.196689393
-0.17909865
-0.097008515
-0.067690609
-0.061433499
0.026166041
0.038680261
0.032268654
0.0576004
0.0576004
0.044297251
0.064251975
0.097509849
0.090858275
0.084286839
0.116750517
0.13053756
0.192579256
0.233940386
0.270884709
0.317954513
0.20812497
0.21476302
0.208051622
0.254515146
0.254515146
0.197165882
0.161322592
0.154153934
0.161322592
0.161322592
